# actbase: sim-bank covariance (covmat_clkk_actbase.txt) + Eq. 34 CMB addition; raw
7.953353578940207083e-16 1.941395430578723187e-16 5.734435136675649152e-18 -5.846457929367139580e-18 -8.206510650542232801e-18 -3.372991936603646848e-19 1.222425086298565653e-18 1.025698581307881195e-18 3.085939515555522247e-18 -2.080309047649371754e-18 -1.868232142834459222e-18 4.268631620481465473e-20 -1.566059473065828149e-18 -3.065945577301194361e-19 9.651692559751181730e-19 3.191545824327008388e-19 -7.295291932897971897e-19 -2.693356793142411345e-18
1.941395430578723187e-16 3.207233970997794984e-16 5.149575539257197518e-17 3.198299971210940500e-18 1.653753750104956115e-18 7.450303878457966943e-18 1.064025979065194563e-18 1.460264106665231507e-18 9.664725097174809491e-19 5.825712405893767188e-19 -2.734314648550724386e-19 -4.591408812118476473e-19 -1.816769899950916339e-18 -3.648224690063279726e-19 -1.304708077001140441e-19 -8.236793232166207822e-19 -6.739795639070497475e-19 -1.155996479072677694e-18
5.734435136675651463e-18 5.149575539257197518e-17 1.408911435260145312e-16 1.998525763008127993e-17 8.149878917901685117e-19 8.340076168117723758e-19 4.859116937396109106e-19 2.505499481937628681e-19 1.702020199157162784e-18 -5.556521651979853672e-19 2.892685484825791596e-19 -2.418914939334161036e-19 1.017527888047767313e-18 4.459977454257475899e-19 2.060771421452820756e-19 5.479173813089120850e-19 6.385422199615347674e-20 7.060482986734805953e-19
-5.846457929367138810e-18 3.198299971210940500e-18 1.998525763008127993e-17 6.088237842274586642e-17 6.948387849152634525e-18 8.953458341130258448e-19 9.543126284424329885e-19 5.736991922763230079e-20 3.127246499277571192e-19 2.260988865638878536e-19 1.556496219365124861e-19 -2.879880769428449385e-20 3.222862514141068219e-19 -3.777051521221618198e-19 3.309376933667102125e-19 -1.192815261895667167e-20 1.126835794625439482e-20 2.808330857711568837e-20
-8.206510650542232801e-18 1.653753750104956115e-18 8.149878917901688969e-19 6.948387849152634525e-18 3.171733933742623362e-17 4.200081938086792675e-18 1.672620236886460101e-18 7.251200900252664717e-20 1.185193071844490445e-19 7.226958549196931894e-19 6.379237601291703723e-20 6.407265148564593603e-19 -7.919278313710455932e-20 -1.619350639073820755e-19 1.614364472926001427e-19 -1.517446604747872282e-19 -1.971567304000245653e-19 -1.256062015094497455e-20
-3.372991936603650700e-19 7.450303878457966943e-18 8.340076168117723758e-19 8.953458341130258448e-19 4.200081938086792675e-18 1.868572500268377028e-17 2.450003701477531031e-18 1.036334314158798387e-18 5.367347669383144536e-19 6.895360537518410831e-19 3.798077519237811019e-19 1.013657135625994895e-19 -1.762774734184036299e-20 -7.884720885875008541e-21 -1.180700923621589285e-19 -3.385657389809822847e-19 -3.892822613260390247e-19 -3.006872103673900096e-19
1.222425086298565846e-18 1.064025979065194371e-18 4.859116937396109106e-19 9.543126284424329885e-19 1.672620236886459908e-18 2.450003701477531031e-18 1.325928740304510354e-17 1.494455114543206481e-18 6.936624660225145679e-19 -4.424359265511248900e-19 -1.277790235440899454e-19 3.428587611616953435e-19 -4.751311799969772342e-20 2.771107580811042122e-19 1.527859580765356634e-19 -1.489258897333151709e-19 -7.380515786093698101e-20 1.236627455097532912e-19
1.025698581307881388e-18 1.460264106665231507e-18 2.505499481937630607e-19 5.736991922763239708e-20 7.251200900252674347e-20 1.036334314158798387e-18 1.494455114543206481e-18 1.166195924094576913e-17 1.749888497651123954e-18 2.274303917780821909e-19 6.265246396572598108e-20 -4.712865298956771325e-19 -2.080760753921178568e-19 8.766769419813877098e-20 3.198338714387031411e-19 -1.877602917986972782e-20 -1.319987398601660040e-19 -3.704617821720449296e-20
3.085939515555522247e-18 9.664725097174811417e-19 1.702020199157162784e-18 3.127246499277571192e-19 1.185193071844490926e-19 5.367347669383144536e-19 6.936624660225145679e-19 1.749888497651123954e-18 8.520838989468808197e-18 2.168783459228951251e-19 -2.654584118465157115e-19 2.563501118197621893e-19 -3.787801628735530791e-19 -2.586430197691348596e-19 -7.481792071821210360e-20 1.719630951694016203e-19 -1.810921276136123950e-19 -1.468409915164524164e-20
-2.080309047649371754e-18 5.825712405893767188e-19 -5.556521651979854635e-19 2.260988865638878536e-19 7.226958549196932857e-19 6.895360537518410831e-19 -4.424359265511248900e-19 2.274303917780821909e-19 2.168783459228951251e-19 4.667386669474510361e-18 5.124355740860780532e-19 -2.575026936154492296e-19 -6.208083050583251275e-20 1.099895899921542060e-19 -1.253984200045926641e-19 -1.118365891683878761e-19 -1.467037411251834077e-20 1.632392230394922421e-19
-1.868232142834459222e-18 -2.734314648550723904e-19 2.892685484825792078e-19 1.556496219365124861e-19 6.379237601291710945e-20 3.798077519237811019e-19 -1.277790235440899213e-19 6.265246396572599312e-20 -2.654584118465157115e-19 5.124355740860780532e-19 4.068151366216842807e-18 1.833730073255380210e-19 -1.462258504380888916e-19 3.093442429121393832e-21 -9.221810890251119527e-20 -4.881099661290826935e-20 4.583917867934295279e-20 3.477256990671949393e-20
4.268631620481465473e-20 -4.591408812118476473e-19 -2.418914939334161036e-19 -2.879880769428451792e-20 6.407265148564593603e-19 1.013657135625994895e-19 3.428587611616952953e-19 -4.712865298956771325e-19 2.563501118197621893e-19 -2.575026936154492296e-19 1.833730073255380450e-19 2.991231436164276951e-18 1.670868420650155488e-19 -9.272664823988118152e-20 -6.321238859192503302e-20 -3.347328669517940897e-20 8.019920532743042832e-20 -1.756351286129628647e-20
-1.566059473065828149e-18 -1.816769899950916339e-18 1.017527888047767313e-18 3.222862514141068219e-19 -7.919278313710454729e-20 -1.762774734184038105e-20 -4.751311799969771139e-20 -2.080760753921178328e-19 -3.787801628735530791e-19 -6.208083050583252479e-20 -1.462258504380888916e-19 1.670868420650155488e-19 2.401182223567961762e-18 1.782103385159852434e-19 -4.100978549792307107e-20 2.470406244452415198e-20 7.455261552522629551e-20 1.889592816197146529e-20
-3.065945577301194361e-19 -3.648224690063280207e-19 4.459977454257475899e-19 -3.777051521221618198e-19 -1.619350639073820755e-19 -7.884720885875014559e-21 2.771107580811042122e-19 8.766769419813875894e-20 -2.586430197691348596e-19 1.099895899921542060e-19 3.093442429121396842e-21 -9.272664823988118152e-20 1.782103385159852434e-19 1.688913555431217290e-18 1.867813982978527771e-19 2.447184806046071729e-21 6.238011738688316725e-20 5.288995513342057372e-20
9.651692559751181730e-19 -1.304708077001140441e-19 2.060771421452820756e-19 3.309376933667102125e-19 1.614364472926001668e-19 -1.180700923621589285e-19 1.527859580765356874e-19 3.198338714387031892e-19 -7.481792071821210360e-20 -1.253984200045926641e-19 -9.221810890251119527e-20 -6.321238859192503302e-20 -4.100978549792307107e-20 1.867813982978527771e-19 1.370707089594139106e-18 9.721751839865224828e-20 7.711058426942720119e-21 3.598252190708363422e-20
3.191545824327008869e-19 -8.236793232166207822e-19 5.479173813089120850e-19 -1.192815261895667468e-20 -1.517446604747872041e-19 -3.385657389809822847e-19 -1.489258897333151468e-19 -1.877602917986972180e-20 1.719630951694016203e-19 -1.118365891683878761e-19 -4.881099661290826935e-20 -3.347328669517940897e-20 2.470406244452415499e-20 2.447184806046070977e-21 9.721751839865224828e-20 1.455113960789045828e-18 5.948260970981214060e-20 -4.018688607163928656e-20
-7.295291932897971897e-19 -6.739795639070497475e-19 6.385422199615348878e-20 1.126835794625438429e-20 -1.971567304000245653e-19 -3.892822613260390728e-19 -7.380515786093698101e-20 -1.319987398601660040e-19 -1.810921276136123950e-19 -1.467037411251834378e-20 4.583917867934295279e-20 8.019920532743042832e-20 7.455261552522629551e-20 6.238011738688316725e-20 7.711058426942718615e-21 5.948260970981214060e-20 1.490179978214568135e-18 5.124771514449396240e-21
-2.693356793142410960e-18 -1.155996479072677694e-18 7.060482986734805953e-19 2.808330857711568837e-20 -1.256062015094497154e-20 -3.006872103673900096e-19 1.236627455097532912e-19 -3.704617821720448694e-20 -1.468409915164524164e-20 1.632392230394922421e-19 3.477256990671949393e-20 -1.756351286129628647e-20 1.889592816197146830e-20 5.288995513342057372e-20 3.598252190708363422e-20 -4.018688607163928656e-20 5.124771514449396240e-21 1.403271185043065155e-18
