# actbase: Eq. 35 recentering Delta_b (C_L^kk units), 18 bins
6.637083842171404675e-10
7.614769653230229888e-10
6.740149976679135416e-10
4.980334749494863103e-10
3.516294682597779146e-10
2.651417421525526930e-10
2.827139086867352765e-10
2.828251434884979100e-10
2.042763847625412019e-10
1.290366173486922032e-10
1.002301861933305301e-10
7.662933496539841000e-11
5.685285235548399074e-11
5.256689319015631384e-11
5.849295631815366790e-11
5.739889244103067604e-11
6.463764598108255453e-11
5.976796187912764215e-11
