7.107331509177800439e-16 1.592231160101216305e-16 2.684892154514628774e-18 -4.967672269509894733e-18 -6.560948240573322707e-18 -4.304140110986687628e-19 8.446068824703909878e-19 1.366920144206667602e-19 8.166575957540514442e-19 -1.020068528997398124e-18 -2.285067373136014335e-18 7.452161288534451366e-19 -1.123978184172315560e-18 -1.608174585427624601e-18 1.349508018412178789e-19 6.708428139714107865e-19 -8.528036094579823941e-19 -2.088681919963999380e-19
1.592231160101216305e-16 2.940499738399663030e-16 4.233752609638697382e-17 7.378525114349643019e-20 -2.726945804857239548e-18 4.276824750490393468e-18 1.376583246307343787e-18 2.380398783895581623e-19 2.566964647566979766e-19 7.729841316056278980e-19 -9.171154411636913237e-19 2.141495463594313343e-19 -1.346458284144328658e-18 -9.770823179230474540e-19 -3.751937821597161749e-19 -2.822666695767019041e-19 -6.952656495779636568e-19 -6.517584995933016716e-19
2.684892154514628774e-18 4.233752609638697382e-17 1.266443847891336316e-16 1.633895759658718690e-17 -2.389643545814465181e-18 -3.752452270847729302e-19 -7.567036042544930977e-21 -2.157132092244954547e-19 9.852738952294118425e-19 -6.246816526292825057e-19 1.008466002570661768e-19 -1.334125834724630289e-19 1.930904229930813563e-19 -1.470605968761556660e-19 4.488474327944815077e-19 6.573401948998934341e-19 6.153317764648020564e-19 2.922326160932482595e-19
-4.967672269509894733e-18 7.378525114349643019e-20 1.633895759658718690e-17 5.337727176005716280e-17 4.090124222058749739e-18 4.228315577402173739e-19 -6.222596518219679854e-20 8.433190073525429324e-22 2.178057201874910564e-19 2.429757282774143183e-19 1.681000990779470756e-19 1.014430060364833517e-19 2.878480772860366751e-19 -3.637570797889288678e-19 3.815355660636848430e-19 1.351350140833689908e-19 -5.870180391996313193e-20 -1.375516715945813206e-19
-6.560948240573322707e-18 -2.726945804857239548e-18 -2.389643545814465181e-18 4.090124222058749739e-18 2.633344132540324566e-17 2.272517330907726182e-18 4.192661126501942484e-19 -2.380306208544603783e-19 1.704524959011389061e-19 4.014873138752665487e-20 -2.104630629204674201e-19 4.985724149906563755e-19 -3.598448489420390114e-19 1.920765927662079383e-19 1.870511902105955929e-19 -2.629986348283856277e-19 -1.401897774690722207e-19 -1.189201767569133523e-19
-4.304140110986687628e-19 4.276824750490393468e-18 -3.752452270847729302e-19 4.228315577402173739e-19 2.272517330907726182e-18 1.493016889267189222e-17 1.615087091325010640e-18 5.350908933173725343e-19 2.400713683604249250e-19 3.664631178949837405e-19 1.431617708011551214e-19 1.142934976016280394e-19 -1.362622949920920931e-19 -4.893488095579266761e-20 -4.208163951060840333e-20 -2.089122158344681311e-19 -2.414456336009898270e-19 -2.825635072593742491e-20
8.446068824703909878e-19 1.376583246307343787e-18 -7.567036042544930977e-21 -6.222596518219679854e-20 4.192661126501942484e-19 1.615087091325010640e-18 1.060923400769026996e-17 1.014038758168008054e-18 4.304332032228247514e-19 -3.043031760606620258e-19 -1.878002126310642383e-19 1.645086413115513567e-19 -1.070264941824834722e-19 2.818071388542712355e-19 1.152507678616520283e-19 -1.435722088732450255e-19 -8.094690936390900041e-20 5.946077339554300852e-21
1.366920144206667602e-19 2.380398783895581623e-19 -2.157132092244954547e-19 8.433190073525429324e-22 -2.380306208544603783e-19 5.350908933173725343e-19 1.014038758168008054e-18 8.997070531093075284e-18 1.117898301666611317e-18 2.245920514794914035e-19 1.528977780357621697e-20 -5.957715463499279795e-19 -1.728068981297412553e-19 -7.177987595094106938e-20 1.531848168132979277e-19 -3.686700665018101225e-20 -1.619476530363684949e-19 -6.096868768570337949e-20
8.166575957540514442e-19 2.566964647566979766e-19 9.852738952294118425e-19 2.178057201874910564e-19 1.704524959011389061e-19 2.400713683604249250e-19 4.304332032228247514e-19 1.117898301666611317e-18 6.485775481090186173e-18 1.290923835778665097e-19 -1.184037318441035268e-19 1.394247001949240015e-20 -1.392296613089771803e-19 -2.204654487411206366e-19 -8.742879109212964938e-20 1.435918654531159807e-19 -9.779673964139094041e-20 1.675335506506087218e-20
-1.020068528997398124e-18 7.729841316056278980e-19 -6.246816526292825057e-19 2.429757282774143183e-19 4.014873138752665487e-20 3.664631178949837405e-19 -3.043031760606620258e-19 2.245920514794914035e-19 1.290923835778665097e-19 3.510198124180536417e-18 2.948142007300774539e-19 -2.068813937673868193e-19 -4.319797456518371334e-20 -5.019998423053687307e-21 -8.639369718283541249e-20 -6.426771754700713205e-20 -5.182658507019280371e-20 5.680508757750850794e-20
-2.285067373136014335e-18 -9.171154411636913237e-19 1.008466002570661768e-19 1.681000990779470756e-19 -2.104630629204674201e-19 1.431617708011551214e-19 -1.878002126310642383e-19 1.528977780357621697e-20 -1.184037318441035268e-19 2.948142007300774539e-19 2.974899338971444772e-18 1.008049069820715267e-19 -1.641533022551987490e-19 5.312214339833968547e-20 -5.066926470421408019e-21 -4.375840261618090824e-20 -3.097440133223154749e-20 -8.694082789053875907e-22
7.452161288534451366e-19 2.141495463594313343e-19 -1.334125834724630289e-19 1.014430060364833517e-19 4.985724149906563755e-19 1.142934976016280394e-19 1.645086413115513567e-19 -5.957715463499279795e-19 1.394247001949240015e-20 -2.068813937673868193e-19 1.008049069820715267e-19 2.077524370329778353e-18 1.390621056305221212e-19 -4.878140271316343944e-20 -2.237232831613490987e-20 -6.062990875946114138e-20 3.114161545591549456e-20 -5.715584920012688924e-20
-1.123978184172315560e-18 -1.346458284144328658e-18 1.930904229930813563e-19 2.878480772860366751e-19 -3.598448489420390114e-19 -1.362622949920920931e-19 -1.070264941824834722e-19 -1.728068981297412553e-19 -1.392296613089771803e-19 -4.319797456518371334e-20 -1.641533022551987490e-19 1.390621056305221212e-19 1.677228447208185008e-18 8.745183946175923799e-20 -1.054702342123532532e-20 5.702107662256153119e-20 4.280046018329424023e-20 -1.050724691676946295e-21
-1.608174585427624601e-18 -9.770823179230474540e-19 -1.470605968761556660e-19 -3.637570797889288678e-19 1.920765927662079383e-19 -4.893488095579266761e-20 2.818071388542712355e-19 -7.177987595094106938e-20 -2.204654487411206366e-19 -5.019998423053687307e-21 5.312214339833968547e-20 -4.878140271316343944e-20 8.745183946175923799e-20 1.111141851796411028e-18 1.438764776069395115e-19 -4.737621973875806996e-21 3.263132615153769324e-20 2.219605113916168997e-20
1.349508018412178789e-19 -3.751937821597161749e-19 4.488474327944815077e-19 3.815355660636848430e-19 1.870511902105955929e-19 -4.208163951060840333e-20 1.152507678616520283e-19 1.531848168132979277e-19 -8.742879109212964938e-20 -8.639369718283541249e-20 -5.066926470421408019e-21 -2.237232831613490987e-20 -1.054702342123532532e-20 1.438764776069395115e-19 8.864382798309220472e-19 5.297096342398340324e-20 1.691002492138299045e-20 1.348013330178845308e-20
6.708428139714107865e-19 -2.822666695767019041e-19 6.573401948998934341e-19 1.351350140833689908e-19 -2.629986348283856277e-19 -2.089122158344681311e-19 -1.435722088732450255e-19 -3.686700665018101225e-20 1.435918654531159807e-19 -6.426771754700713205e-20 -4.375840261618090824e-20 -6.062990875946114138e-20 5.702107662256153119e-20 -4.737621973875806996e-21 5.297096342398340324e-20 8.421339591018044970e-19 3.246604487186353463e-20 -6.527749118515802176e-21
-8.528036094579823941e-19 -6.952656495779636568e-19 6.153317764648020564e-19 -5.870180391996313193e-20 -1.401897774690722207e-19 -2.414456336009898270e-19 -8.094690936390900041e-20 -1.619476530363684949e-19 -9.779673964139094041e-20 -5.182658507019280371e-20 -3.097440133223154749e-20 3.114161545591549456e-20 4.280046018329424023e-20 3.263132615153769324e-20 1.691002492138299045e-20 3.246604487186353463e-20 8.341179578803848643e-19 6.223050135147438849e-21
-2.088681919963999380e-19 -6.517584995933016716e-19 2.922326160932482595e-19 -1.375516715945813206e-19 -1.189201767569133523e-19 -2.825635072593742491e-20 5.946077339554300852e-21 -6.096868768570337949e-20 1.675335506506087218e-20 5.680508757750850794e-20 -8.694082789053875907e-22 -5.715584920012688924e-20 -1.050724691676946295e-21 2.219605113916168997e-20 1.348013330178845308e-20 -6.527749118515802176e-21 6.223050135147438849e-21 5.629851024554923498e-19
