7.107331509177800439e-16 1.592231160101216305e-16 2.684892154514628774e-18 -4.967672269509894733e-18 -6.560948240573322707e-18 -4.304140110986694369e-19 8.446068824703884841e-19 1.366920144206667602e-19 8.166575957540491331e-19 -1.020068528997398894e-18 -2.285067373136014720e-18 7.452161288534441736e-19 -1.123978184172313827e-18 -1.608174585427623445e-18 1.349508018412177826e-19 6.708428139714104976e-19 -8.528036094579822015e-19 -2.088681919964004676e-19
1.592231160101216305e-16 2.940499738399663030e-16 4.233752609638697382e-17 7.378525114349643019e-20 -2.726945804857239548e-18 4.276824750490395008e-18 1.376583246307338587e-18 2.380398783895581623e-19 2.566964647566973507e-19 7.729841316056276091e-19 -9.171154411636909385e-19 2.141495463594303473e-19 -1.346458284144328465e-18 -9.770823179230474540e-19 -3.751937821597160305e-19 -2.822666695767019522e-19 -6.952656495779636568e-19 -6.517584995933019605e-19
2.684892154514628774e-18 4.233752609638697382e-17 1.266443847891336316e-16 1.633895759658718690e-17 -2.389643545814465181e-18 -3.752452270847725932e-19 -7.567036042543859678e-21 -2.157132092244954547e-19 9.852738952294108796e-19 -6.246816526292824094e-19 1.008466002570668027e-19 -1.334125834724619696e-19 1.930904229930813563e-19 -1.470605968761554012e-19 4.488474327944815077e-19 6.573401948998931452e-19 6.153317764648020564e-19 2.922326160932481151e-19
-4.967672269509894733e-18 7.378525114349643019e-20 1.633895759658718690e-17 5.337727176005716280e-17 4.090124222058749739e-18 4.228315577402171813e-19 -6.222596518219342816e-20 8.433190073525429324e-22 2.178057201874910564e-19 2.429757282774144146e-19 1.681000990779470034e-19 1.014430060364834359e-19 2.878480772860369640e-19 -3.637570797889291086e-19 3.815355660636846504e-19 1.351350140833691593e-19 -5.870180391996322823e-20 -1.375516715945813206e-19
-6.560948240573322707e-18 -2.726945804857239548e-18 -2.389643545814465181e-18 4.090124222058749739e-18 2.633344132540324566e-17 2.272517330907726182e-18 4.192661126501964151e-19 -2.380306208544603783e-19 1.704524959011390506e-19 4.014873138752661274e-20 -2.104630629204674682e-19 4.985724149906563755e-19 -3.598448489420391077e-19 1.920765927662078420e-19 1.870511902105955448e-19 -2.629986348283856758e-19 -1.401897774690722207e-19 -1.189201767569133041e-19
-4.304140110986694369e-19 4.276824750490395008e-18 -3.752452270847725932e-19 4.228315577402171813e-19 2.272517330907726182e-18 1.493016889267189222e-17 1.615087091325010447e-18 5.350908933173724380e-19 2.400713683604249250e-19 3.664631178949836442e-19 1.431617708011552177e-19 1.142934976016278468e-19 -1.362622949920921894e-19 -4.893488095579268566e-20 -4.208163951060846954e-20 -2.089122158344681311e-19 -2.414456336009898751e-19 -2.825635072593726241e-20
8.446068824703884841e-19 1.376583246307338587e-18 -7.567036042543859678e-21 -6.222596518219342816e-20 4.192661126501964151e-19 1.615087091325010447e-18 1.060923400769027150e-17 1.014038758168007669e-18 4.304332032228253292e-19 -3.043031760606618814e-19 -1.878002126310642624e-19 1.645086413115512845e-19 -1.070264941824831593e-19 2.818071388542714281e-19 1.152507678616521246e-19 -1.435722088732451940e-19 -8.094690936390918097e-20 5.946077339554352761e-21
1.366920144206667602e-19 2.380398783895581623e-19 -2.157132092244954547e-19 8.433190073525429324e-22 -2.380306208544603783e-19 5.350908933173724380e-19 1.014038758168007669e-18 8.997070531093075284e-18 1.117898301666611317e-18 2.245920514794913072e-19 1.528977780357617785e-20 -5.957715463499276907e-19 -1.728068981297410868e-19 -7.177987595094106938e-20 1.531848168132979518e-19 -3.686700665018097012e-20 -1.619476530363685430e-19 -6.096868768570339153e-20
8.166575957540491331e-19 2.566964647566973507e-19 9.852738952294108796e-19 2.178057201874910564e-19 1.704524959011390506e-19 2.400713683604249250e-19 4.304332032228253292e-19 1.117898301666611317e-18 6.485775481090187714e-18 1.290923835778665338e-19 -1.184037318441035508e-19 1.394247001949233997e-20 -1.392296613089770840e-19 -2.204654487411208292e-19 -8.742879109212978179e-20 1.435918654531159085e-19 -9.779673964139094041e-20 1.675335506506089927e-20
-1.020068528997398894e-18 7.729841316056276091e-19 -6.246816526292824094e-19 2.429757282774144146e-19 4.014873138752661274e-20 3.664631178949836442e-19 -3.043031760606618814e-19 2.245920514794913072e-19 1.290923835778665338e-19 3.510198124180536417e-18 2.948142007300775502e-19 -2.068813937673868193e-19 -4.319797456518371334e-20 -5.019998423053677526e-21 -8.639369718283542453e-20 -6.426771754700714408e-20 -5.182658507019279167e-20 5.680508757750848386e-20
-2.285067373136014720e-18 -9.171154411636909385e-19 1.008466002570668027e-19 1.681000990779470034e-19 -2.104630629204674682e-19 1.431617708011552177e-19 -1.878002126310642624e-19 1.528977780357617785e-20 -1.184037318441035508e-19 2.948142007300775502e-19 2.974899338971445542e-18 1.008049069820714666e-19 -1.641533022551987249e-19 5.312214339833957713e-20 -5.066926470421397487e-21 -4.375840261618090824e-20 -3.097440133223153545e-20 -8.694082789053257127e-22
7.452161288534441736e-19 2.141495463594303473e-19 -1.334125834724619696e-19 1.014430060364834359e-19 4.985724149906563755e-19 1.142934976016278468e-19 1.645086413115512845e-19 -5.957715463499276907e-19 1.394247001949233997e-20 -2.068813937673868193e-19 1.008049069820714666e-19 2.077524370329778353e-18 1.390621056305221934e-19 -4.878140271316336119e-20 -2.237232831613487375e-20 -6.062990875946116546e-20 3.114161545591544039e-20 -5.715584920012688924e-20
-1.123978184172313827e-18 -1.346458284144328465e-18 1.930904229930813563e-19 2.878480772860369640e-19 -3.598448489420391077e-19 -1.362622949920921894e-19 -1.070264941824831593e-19 -1.728068981297410868e-19 -1.392296613089770840e-19 -4.319797456518371334e-20 -1.641533022551987249e-19 1.390621056305221934e-19 1.677228447208185008e-18 8.745183946175920188e-20 -1.054702342123531028e-20 5.702107662256154323e-20 4.280046018329428236e-20 -1.050724691676941217e-21
-1.608174585427623445e-18 -9.770823179230474540e-19 -1.470605968761554012e-19 -3.637570797889291086e-19 1.920765927662078420e-19 -4.893488095579268566e-20 2.818071388542714281e-19 -7.177987595094106938e-20 -2.204654487411208292e-19 -5.019998423053677526e-21 5.312214339833957713e-20 -4.878140271316336119e-20 8.745183946175920188e-20 1.111141851796411028e-18 1.438764776069395356e-19 -4.737621973875810758e-21 3.263132615153772333e-20 2.219605113916170201e-20
1.349508018412177826e-19 -3.751937821597160305e-19 4.488474327944815077e-19 3.815355660636846504e-19 1.870511902105955448e-19 -4.208163951060846954e-20 1.152507678616521246e-19 1.531848168132979518e-19 -8.742879109212978179e-20 -8.639369718283542453e-20 -5.066926470421397487e-21 -2.237232831613487375e-20 -1.054702342123531028e-20 1.438764776069395356e-19 8.864382798309220472e-19 5.297096342398341528e-20 1.691002492138299045e-20 1.348013330178847415e-20
6.708428139714104976e-19 -2.822666695767019522e-19 6.573401948998931452e-19 1.351350140833691593e-19 -2.629986348283856758e-19 -2.089122158344681311e-19 -1.435722088732451940e-19 -3.686700665018097012e-20 1.435918654531159085e-19 -6.426771754700714408e-20 -4.375840261618090824e-20 -6.062990875946116546e-20 5.702107662256154323e-20 -4.737621973875810758e-21 5.297096342398341528e-20 8.421339591018044970e-19 3.246604487186353463e-20 -6.527749118515791644e-21
-8.528036094579822015e-19 -6.952656495779636568e-19 6.153317764648020564e-19 -5.870180391996322823e-20 -1.401897774690722207e-19 -2.414456336009898751e-19 -8.094690936390918097e-20 -1.619476530363685430e-19 -9.779673964139094041e-20 -5.182658507019279167e-20 -3.097440133223153545e-20 3.114161545591544039e-20 4.280046018329428236e-20 3.263132615153772333e-20 1.691002492138299045e-20 3.246604487186353463e-20 8.341179578803848643e-19 6.223050135147441859e-21
-2.088681919964004676e-19 -6.517584995933019605e-19 2.922326160932481151e-19 -1.375516715945813206e-19 -1.189201767569133041e-19 -2.825635072593726241e-20 5.946077339554352761e-21 -6.096868768570339153e-20 1.675335506506089927e-20 5.680508757750848386e-20 -8.694082789053257127e-22 -5.715584920012688924e-20 -1.050724691676941217e-21 2.219605113916170201e-20 1.348013330178847415e-20 -6.527749118515791644e-21 6.223050135147441859e-21 5.629851024554924461e-19
