7.905947450145643717e-16 1.887206015163340386e-16 6.074653715053598609e-19 -1.004628760199489808e-17 -1.126274803342682900e-17 -2.338566479919924878e-18 7.719618826330615652e-20 4.403234860463579708e-19 2.700927864823501421e-18 -2.369083475503619732e-18 -2.051596803084695537e-18 -7.484731501744608561e-20 -1.646703802892567455e-18 -3.532014196073208460e-19 9.401825992336956960e-19 3.067593422580006458e-19 -7.378985609461548746e-19 -2.695196240295676212e-18
1.887206015163340386e-16 3.145237079921452764e-16 4.562470918099159672e-17 -1.619561708834525318e-18 -1.860304499573946308e-18 5.144170361555898460e-18 -2.595338707667431224e-19 7.793946877668822393e-19 5.175606555831275358e-19 2.459902255743305251e-19 -4.877373463006923076e-19 -5.969779234696369151e-19 -1.911674114286139274e-18 -4.200341961663817021e-19 -1.605593470193532750e-19 -8.391487069942715103e-19 -6.846803558562188489e-19 -1.159122678928382289e-18
6.074653715053598609e-19 4.562470918099159672e-17 1.353151754343290196e-16 1.539090533259193221e-17 -2.550383171637634555e-18 -1.380617054380501265e-18 -7.874165023001317579e-19 -4.077867290700628582e-19 1.267377070339155236e-18 -8.814851897322925303e-19 8.134452058632709930e-20 -3.759748747533984890e-19 9.251020576335747058e-19 3.921151480869795225e-19 1.766141026265557606e-19 5.327051662227925642e-19 5.343868932454161599e-20 7.030393509702381179e-19
-1.004628760199489808e-17 -1.619561708834525318e-18 1.539090533259193221e-17 5.707066246902334276e-17 4.133644724567546788e-18 -9.680522401107432822e-19 -1.222640567027570084e-19 -5.055159738459005478e-19 -6.007309890245409038e-20 -5.338654680193151666e-20 -2.359301404669965049e-20 -1.450585644773586869e-19 2.417822719333624454e-19 -4.249798286443590310e-19 3.046602443449612437e-19 -2.596282263479617160e-20 1.612048657279538166e-21 2.472521461257306320e-20
-1.126274803342682900e-17 -1.860304499573946308e-18 -2.550383171637634555e-18 4.133644724567546788e-18 2.961479377844808234e-17 2.791602807148983255e-18 8.464462057119273790e-19 -3.712100205733476526e-19 -1.775058477920487994e-19 5.009375582375942716e-19 -8.023119243129586325e-20 5.460501620119081771e-19 -1.454737790210069791e-19 -2.015904257722437353e-19 1.385545983003304956e-19 -1.649479504172327754e-19 -2.063575728168918753e-19 -1.681995839868727988e-20
-2.338566479919924878e-18 5.144170361555898460e-18 -1.380617054380501265e-18 -9.680522401107432822e-19 2.791602807148983255e-18 1.772234079108146757e-17 1.862470791823678345e-18 7.018781333910606662e-19 3.100394583926289605e-19 5.203311102746150124e-19 2.671336298206672767e-19 2.549200815566605198e-20 -7.182622855948552085e-20 -4.139262612383119326e-20 -1.386423451793892248e-19 -3.517576342003777625e-19 -3.987168182329381714e-19 -3.063372737222213465e-19
7.719618826330615652e-20 -2.595338707667431224e-19 -7.874165023001317579e-19 -1.222640567027570084e-19 8.464462057119273790e-19 1.862470791823678345e-18 1.286997397666766732e-17 1.246992892032836607e-18 5.205457898499744696e-19 -5.706266492478380562e-19 -2.165656036216517123e-19 2.808728754271282992e-19 -9.308719491648320809e-20 2.476737923182289018e-19 1.332899481390136656e-19 -1.626887031748386239e-19 -8.392637835928724438e-20 1.165966601890192109e-19
4.403234860463579708e-19 7.793946877668822393e-19 -4.077867290700628582e-19 -5.055159738459005478e-19 -3.712100205733476526e-19 7.018781333910606662e-19 1.246992892032836607e-18 1.148260133226147132e-17 1.619076945874366052e-18 1.312540859277722635e-19 -6.309984252764946620e-21 -5.210283406597464517e-19 -2.455927082582652354e-19 6.257603831446278429e-20 3.022774529286421756e-19 -3.181429860325657378e-20 -1.418189420572238228e-19 -4.429147123446543510e-20
2.700927864823501421e-18 5.175606555831275358e-19 1.267377070339155236e-18 -6.007309890245409038e-20 -1.775058477920487994e-19 3.100394583926289605e-19 5.205457898499744696e-19 1.619076945874366052e-18 8.423337840908395573e-18 1.451278747756156516e-19 -3.172607344353229859e-19 2.186344691124566563e-19 -4.074385253121386284e-19 -2.780387091683841792e-19 -8.851003020125347299e-20 1.617245820207651108e-19 -1.888999485875905043e-19 -2.035371375978901723e-20
-2.369083475503619732e-18 2.459902255743305251e-19 -8.814851897322925303e-19 -5.338654680193151666e-20 5.009375582375942716e-19 5.203311102746150124e-19 -5.706266492478380562e-19 1.312540859277722635e-19 1.451278747756156516e-19 4.614337181057210845e-18 4.741436460307164853e-19 -2.853517250054660229e-19 -8.326775390218273748e-20 9.560498270514282657e-20 -1.355037502179066426e-19 -1.193758850295590329e-19 -2.044123786364942151e-20 1.591179538633938690e-19
-2.051596803084695537e-18 -4.877373463006923076e-19 8.134452058632709930e-20 -2.359301404669965049e-20 -8.023119243129586325e-20 2.671336298206672767e-19 -2.165656036216517123e-19 -6.309984252764946620e-21 -3.172607344353229859e-19 4.741436460307164853e-19 4.040119235288683221e-18 1.628352171667643799e-19 -1.619549571242749454e-19 -7.687033673313020506e-21 -9.989238104785762997e-20 -5.455576835333294907e-20 4.142897020597480245e-20 3.156178606702943323e-20
-7.484731501744608561e-20 -5.969779234696369151e-19 -3.759748747533984890e-19 -1.450585644773586869e-19 5.460501620119081771e-19 2.549200815566605198e-20 2.808728754271282992e-19 -5.210283406597464517e-19 2.186344691124566563e-19 -2.853517250054660229e-19 1.628352171667643799e-19 2.975976539254670929e-18 1.553334367583807140e-19 -1.008571987301087921e-19 -6.908416061410269182e-20 -3.793460246860557612e-20 7.679052095406272662e-20 -2.013913357799900866e-20
-1.646703802892567455e-18 -1.911674114286139274e-18 9.251020576335747058e-19 2.417822719333624454e-19 -1.454737790210069791e-19 -7.182622855948552085e-20 -9.308719491648320809e-20 -2.455927082582652354e-19 -4.074385253121386284e-19 -8.326775390218273748e-20 -1.619549571242749454e-19 1.553334367583807140e-19 2.392016209656016868e-18 1.717860196786823124e-19 -4.575700561898442411e-20 2.104462173531763628e-20 7.169120790047214810e-20 1.666134175258468612e-20
-3.532014196073208460e-19 -4.200341961663817021e-19 3.921151480869795225e-19 -4.249798286443590310e-19 -2.015904257722437353e-19 -4.139262612383119326e-20 2.476737923182289018e-19 6.257603831446278429e-20 -2.780387091683841792e-19 9.560498270514282657e-20 -7.687033673313020506e-21 -1.008571987301087921e-19 1.717860196786823124e-19 1.684200062441269084e-18 1.831951230196382797e-19 -4.051799763594190571e-22 5.999932749423741672e-20 5.100465039177696849e-20
9.401825992336956960e-19 -1.605593470193532750e-19 1.766141026265557606e-19 3.046602443449612437e-19 1.385545983003304956e-19 -1.386423451793892248e-19 1.332899481390136656e-19 3.022774529286421756e-19 -8.851003020125347299e-20 -1.355037502179066426e-19 -9.989238104785762997e-20 -6.908416061410269182e-20 -4.575700561898442411e-20 1.831951230196382797e-19 1.367764843758955696e-18 9.475438315307947200e-20 5.557344944828200629e-21 3.416553760297081858e-20
3.067593422580006458e-19 -8.391487069942715103e-19 5.327051662227925642e-19 -2.596282263479617160e-20 -1.649479504172327754e-19 -3.517576342003777625e-19 -1.626887031748386239e-19 -3.181429860325657378e-20 1.617245820207651108e-19 -1.193758850295590329e-19 -5.455576835333294907e-20 -3.793460246860557612e-20 2.104462173531763628e-20 -4.051799763594190571e-22 9.475438315307947200e-20 1.452848064186205032e-18 5.744754001261425583e-20 -4.198489938582305743e-20
-7.378985609461548746e-19 -6.846803558562188489e-19 5.343868932454161599e-20 1.612048657279538166e-21 -2.063575728168918753e-19 -3.987168182329381714e-19 -8.392637835928724438e-20 -1.418189420572238228e-19 -1.888999485875905043e-19 -2.044123786364942151e-20 4.142897020597480245e-20 7.679052095406272662e-20 7.169120790047214810e-20 5.999932749423741672e-20 5.557344944828200629e-21 5.744754001261425583e-20 1.488153103571021710e-18 3.285346177176487799e-21
-2.695196240295676212e-18 -1.159122678928382289e-18 7.030393509702381179e-19 2.472521461257306320e-20 -1.681995839868727988e-20 -3.063372737222213465e-19 1.165966601890192109e-19 -4.429147123446543510e-20 -2.035371375978901723e-20 1.591179538633938690e-19 3.156178606702943323e-20 -2.013913357799900866e-20 1.666134175258468612e-20 5.100465039177696849e-20 3.416553760297081858e-20 -4.198489938582305743e-20 3.285346177176487799e-21 1.401214527745988278e-18
