# act_planck: sim-bank covariance (covmat_clkk_act_planck.txt) + Eq. 34 CMB addition; raw
7.151272443642385071e-16 1.642507841494587393e-16 7.431285585073772212e-18 -1.080265042288698897e-18 -3.735183338446168779e-18 1.427735376429424035e-18 1.915545081539796191e-18 6.896780525222067576e-19 1.182335732490328114e-18 -7.452098744196205143e-19 -2.108707489966860245e-18 8.602112051307259407e-19 -1.044186339083282880e-18 -1.559898548181807012e-18 1.625636152547224963e-19 6.853353164791964285e-19 -8.427534345061484116e-19 -2.066536099925770923e-19
1.642507841494587393e-16 2.998074689362418227e-16 4.777805123272267923e-17 4.537683005215320406e-18 5.258403354709146448e-19 6.420513447186543743e-18 2.615497210727248413e-18 8.815444039921558924e-19 6.831646821490388586e-19 1.093459716441141997e-18 -7.110242347049708294e-19 3.488739306717053625e-19 -1.252725842635060795e-18 -9.201287802066685507e-19 -3.422877436788287843e-19 -2.646260463215491153e-19 -6.828875572806131855e-19 -6.485368788584911181e-19
7.431285585073770671e-18 4.777805123272267923e-17 1.317970317165040724e-16 2.058249813118373274e-17 7.162386874051521654e-19 1.677895315725779758e-18 1.181152079299191186e-18 4.046732467144394573e-19 1.396901398333503284e-18 -3.153112767881399834e-19 3.002111469675836443e-19 -2.795949042799345508e-21 2.840586984998919547e-19 -9.173030577169580827e-20 4.808646935235563868e-19 6.745602993235934922e-19 6.273382014362326156e-19 2.954058698908072484e-19
-1.080265042288698897e-18 4.537683005215321177e-18 2.058249813118373274e-17 5.689591269707511125e-17 6.687320105476483226e-18 2.150827993578545845e-18 9.430359836673849709e-19 5.311562994931081492e-19 5.705965957093161787e-19 5.081832926065620062e-19 3.397401675922044945e-19 2.143858361233702562e-19 3.668002439014515598e-19 -3.155447101219034289e-19 4.096973302129166896e-19 1.506151133648700130e-19 -4.791929898159054468e-20 -1.343061131067862530e-19
-3.735183338446168779e-18 5.258403354709146448e-19 7.162386874051525506e-19 6.687320105476483226e-18 2.827429482500422281e-17 3.579922206423572459e-18 1.191054470466339265e-18 1.799052113259309860e-19 4.503742389518202339e-19 2.503874384193334156e-19 -7.284368782346928616e-20 5.901522996327911891e-19 -2.952279999859119012e-19 2.320642487507053623e-19 2.110093508519106650e-19 -2.490618052785449705e-19 -1.304400983669100351e-19 -1.151710671340774352e-19
1.427735376429424420e-18 6.420513447186543743e-18 1.677895315725779758e-18 2.150827993578545845e-18 3.579922206423571689e-18 1.582941540305422177e-17 2.166581104874384007e-18 8.512640809736673285e-19 4.550123176629021701e-19 5.271591222451579899e-19 2.508222710373760027e-19 1.874148881632997321e-19 -8.379643097463922074e-20 -1.568342738289728912e-20 -2.128403596002202943e-20 -1.957859841507116688e-19 -2.321591561904010976e-19 -2.366616839948234221e-20
1.915545081539796191e-18 2.615497210727248413e-18 1.181152079299190993e-18 9.430359836673849709e-19 1.191054470466339265e-18 2.166581104874384007e-18 1.097640268085497137e-17 1.248672570501501440e-18 5.948224334202211611e-19 -1.825751503876421159e-19 -1.031453747553523217e-19 2.238532056724269290e-19 -6.337794331810358711e-20 3.104229180488295180e-19 1.342034548252394113e-19 -1.305564596646610008e-19 -7.157493638555821744e-20 1.152834231497285846e-20
6.896780525222066613e-19 8.815444039921558924e-19 4.046732467144395536e-19 5.311562994931080529e-19 1.799052113259309860e-19 8.512640809736673285e-19 1.248672570501501632e-18 9.167628128981042014e-18 1.242296697907518870e-18 3.159236154285774124e-19 8.093856542514644470e-20 -5.483702944922805328e-19 -1.371625476925684966e-19 -4.774257524336073202e-20 1.698181072540834653e-19 -2.487178356325399413e-20 -1.531522514535611890e-19 -5.528213771815146627e-20
1.182335732490328114e-18 6.831646821490388586e-19 1.396901398333503091e-18 5.705965957093160824e-19 4.503742389518201376e-19 4.550123176629021701e-19 5.948224334202210648e-19 1.242296697907518870e-18 6.578467354248324818e-18 1.971885721923790867e-19 -6.914785792931389828e-20 4.982282295926737491e-20 -1.120728188324742901e-19 -2.019577856836824990e-19 -7.452325652418691426e-20 1.529705911619424498e-19 -9.083030717438807641e-20 2.124254435276993828e-20
-7.452098744196205143e-19 1.093459716441141997e-18 -3.153112767881400797e-19 5.081832926065620062e-19 2.503874384193334156e-19 5.271591222451579899e-19 -1.825751503876420918e-19 3.159236154285774124e-19 1.971885721923790867e-19 3.560469049625406218e-18 3.311567398623844681e-19 -1.804451976019001527e-19 -2.316431011651663664e-20 8.669973247341675482e-21 -7.688981327382963906e-20 -5.737817831290703525e-20 -4.669246207865257711e-20 6.006072580925963343e-20
-2.108707489966860245e-18 -7.110242347049708294e-19 3.002111469675836443e-19 3.397401675922045426e-19 -7.284368782346931023e-20 2.508222710373760027e-19 -1.031453747553522856e-19 8.093856542514646877e-20 -6.914785792931388624e-20 3.311567398623844681e-19 3.001531256838754144e-18 1.203106096175680537e-19 -1.492811795035667095e-19 6.336789639840493751e-20 2.125113658985530588e-21 -3.852663770508105687e-20 -2.707518532664615243e-20 1.637927321371474422e-21
8.602112051307259407e-19 3.488739306717054106e-19 -2.795949042799369582e-21 2.143858361233702321e-19 5.901522996327911891e-19 1.874148881632997321e-19 2.238532056724269290e-19 -5.483702944922805328e-19 4.982282295926736890e-20 -1.804451976019001527e-19 1.203106096175680778e-19 2.091995993804112874e-18 1.501567490518726611e-19 -4.107249433918269172e-20 -1.688798146432352509e-20 -5.658378858245426451e-20 3.414423140135725083e-20 -5.516242416458224662e-20
-1.044186339083282880e-18 -1.252725842635060795e-18 2.840586984998920029e-19 3.668002439014515598e-19 -2.952279999859119494e-19 -8.379643097463922074e-20 -6.337794331810358711e-20 -1.371625476925684966e-19 -1.120728188324742901e-19 -2.316431011651663363e-20 -1.492811795035667095e-19 1.501567490518726611e-19 1.685833211288214797e-18 9.350787947038956937e-20 -6.145049329421695818e-21 6.031961067043651314e-20 4.529666754227223649e-20 6.627215482634862708e-22
-1.559898548181807012e-18 -9.201287802066685507e-19 -9.173030577169579623e-20 -3.155447101219033808e-19 2.320642487507053623e-19 -1.568342738289727708e-20 3.104229180488295662e-19 -4.774257524336072600e-20 -2.019577856836824990e-19 8.669973247341675482e-21 6.336789639840493751e-20 -4.107249433918269172e-20 9.350787947038956937e-20 1.115585035430898566e-18 1.471939736645098222e-19 -2.181647990809890265e-21 3.468136124772713131e-20 2.363719911592929340e-20
1.625636152547224963e-19 -3.422877436788287843e-19 4.808646935235563868e-19 4.096973302129166896e-19 2.110093508519106650e-19 -2.128403596002203244e-20 1.342034548252394113e-19 1.698181072540834653e-19 -7.452325652418690223e-20 -7.688981327382963906e-20 2.125113658985530588e-21 -1.688798146432352509e-20 -6.145049329421695066e-21 1.471939736645098222e-19 8.890838584138082400e-19 5.510952158088748482e-20 1.870111347736026820e-20 1.483490219224933026e-20
6.853353164791964285e-19 -2.646260463215491153e-19 6.745602993235934922e-19 1.506151133648700130e-19 -2.490618052785449705e-19 -1.957859841507116688e-19 -1.305564596646610008e-19 -2.487178356325398811e-20 1.529705911619424498e-19 -5.737817831290703525e-20 -3.852663770508105687e-20 -5.658378858245426451e-20 6.031961067043651314e-20 -2.181647990809889513e-21 5.510952158088748482e-20 8.440221958019281090e-19 3.409842917388437467e-20 -5.223129307245000434e-21
-8.427534345061484116e-19 -6.828875572806131855e-19 6.273382014362326156e-19 -4.791929898159054468e-20 -1.304400983669100351e-19 -2.321591561904010976e-19 -7.157493638555821744e-20 -1.531522514535611890e-19 -9.083030717438807641e-20 -4.669246207865257711e-20 -2.707518532664615243e-20 3.414423140135725083e-20 4.529666754227223649e-20 3.468136124772713131e-20 1.870111347736026820e-20 3.409842917388437467e-20 8.356668349624306647e-19 7.496209954398259435e-21
-2.066536099925770923e-19 -6.485368788584911181e-19 2.954058698908072484e-19 -1.343061131067862530e-19 -1.151710671340774352e-19 -2.366616839948234221e-20 1.152834231497285996e-20 -5.528213771815146627e-20 2.124254435276993828e-20 6.006072580925962139e-20 1.637927321371474046e-21 -5.516242416458224662e-20 6.627215482634881516e-22 2.363719911592929039e-20 1.483490219224933026e-20 -5.223129307245000434e-21 7.496209954398257930e-21 5.642083677275792379e-19
