# act_planck: Eq. 35 recentering Delta_b (C_L^kk units), 18 bins
5.493192585295600403e-10
6.287632953841063880e-10
5.468316235351540875e-10
3.813740552508587722e-10
2.284302739702600617e-10
1.676256114061560723e-10
2.124383604879710352e-10
2.244444296652873758e-10
1.634714449165450299e-10
1.011807192156974273e-10
8.361885742108764888e-11
6.690262699290711439e-11
4.987480695283278569e-11
4.796176848070252078e-11
5.149965950261547120e-11
4.973559298788707391e-11
5.445207463040668642e-11
4.538556007914309684e-11
