# dr6plus_optimal: base covariance (covmat_clkk_hilcTP_nightday_glsloo.txt) + Eq. 34 CMB addition; raw
7.151275096398423994e-16 1.642510897678453429e-16 7.431598188231526566e-18 -1.079970262426153845e-18 -3.734898394490775309e-18 1.428025949830859279e-18 1.915914258308472108e-18 6.904455570876612502e-19 1.183176171753956309e-18 -7.447146756696951197e-19 -2.107988065518017757e-18 8.610127501857213906e-19 -1.043632501599090678e-18 -1.559436491424439523e-18 1.629259352660270139e-19 6.855009389054807502e-19 -8.426751773863532310e-19 -2.066511502431265180e-19
1.642510897678453429e-16 2.998078208473901763e-16 4.777841207637226376e-17 4.538025049110635967e-18 5.261727354883129226e-19 6.420853158520015100e-18 2.615929716156517666e-18 8.824435785976428071e-19 6.841492036733029766e-19 1.094040351953973544e-18 -7.101778479727662300e-19 3.498173587979253615e-19 -1.252075575369952661e-18 -9.195807528221066144e-19 -3.418592058920258680e-19 -2.644282669431105083e-19 -6.827938802748581153e-19 -6.485371092311381546e-19
7.431598188231526566e-18 4.777841207637226376e-17 1.317973984590452871e-16 2.058284250726407738e-17 7.165695155952596779e-19 1.678229386504697524e-18 1.181572898698798968e-18 4.055356135303392161e-19 1.397845183751628396e-18 -3.147432076539715705e-19 3.010313930472208941e-19 -1.890196599467680250e-21 2.846926649207034798e-19 -9.120234266960388657e-20 4.812809376270706010e-19 6.747537420920786953e-19 6.274313892868779726e-19 2.954088412645441699e-19
-1.079970262426152304e-18 4.538025049110635967e-18 2.058284250726407738e-17 5.689623385347309550e-17 6.687625241941114233e-18 2.151130796147802576e-18 9.434088309971239884e-19 5.318927643491845886e-19 5.714000139721858109e-19 5.086878110704999880e-19 3.404546395757245343e-19 2.151609546968795879e-19 3.673595939253081106e-19 -3.150879218592304962e-19 4.100628104500143508e-19 1.507879887812249712e-19 -4.783451654565852617e-20 -1.343023863240165877e-19
-3.734898394490775309e-18 5.261727354883129226e-19 7.165695155952592927e-19 6.687625241941114233e-18 2.827457953253887197e-17 3.580196985938266578e-18 1.191380848083142400e-18 1.805131034308744361e-19 4.510315095516186273e-19 2.508220636951255341e-19 -7.224481841529441403e-20 5.907894400893585204e-19 -2.947575307978349278e-19 2.324466422985493357e-19 2.113158076666108528e-19 -2.489136760967365397e-19 -1.303645193356253406e-19 -1.151687830349137855e-19
1.428025949830859665e-18 6.420853158520014329e-18 1.678229386504697139e-18 2.151130796147802576e-18 3.580196985938266578e-18 1.582967619715272832e-17 2.166884701147770583e-18 8.517756736154487099e-19 4.555555970109929297e-19 5.275518301714094148e-19 2.513311656083721550e-19 1.879425544124729827e-19 -8.339104552449433832e-20 -1.535515482417886274e-20 -2.102266734764111157e-20 -1.956521505028094879e-19 -2.320869952050134616e-19 -2.366279027062508439e-20
1.915914258308472108e-18 2.615929716156517281e-18 1.181572898698798775e-18 9.434088309971241810e-19 1.191380848083142400e-18 2.166884701147770583e-18 1.097674644403590006e-17 1.249164629093682348e-18 5.953247916461907451e-19 -1.821735338109882990e-19 -1.026748648957798371e-19 2.243255045382853999e-19 -6.299819212750647419e-20 3.107315016674264674e-19 1.344433380134169398e-19 -1.304208955281502275e-19 -7.149682458025672227e-20 1.153814566966743303e-20
6.904455570876612502e-19 8.824435785976428071e-19 4.055356135303390235e-19 5.318927643491844923e-19 1.805131034308744361e-19 8.517756736154487099e-19 1.249164629093682348e-18 9.168186548198259532e-18 1.242831091184076632e-18 3.163695622476240104e-19 8.140276486305576325e-20 -5.479207115153243161e-19 -1.367933136244422153e-19 -4.743984417233709052e-20 1.700452186239193441e-19 -2.473052596225266353e-20 -1.530656986189333814e-19 -5.526173035655514514e-20
1.183176171753956117e-18 6.841492036733027840e-19 1.397845183751628204e-18 5.714000139721859072e-19 4.510315095516187236e-19 4.555555970109929297e-19 5.953247916461907451e-19 1.242831091184076632e-18 6.578968297841781447e-18 1.976032415464758904e-19 -6.874264461918906176e-20 5.021058769643966213e-20 -1.117555067117950197e-19 -2.016950800006756901e-19 -7.433045234714451836e-20 1.530972194906356079e-19 -9.075044969900402644e-20 2.126770128619958210e-20
-7.447146756696951197e-19 1.094040351953973544e-18 -3.147432076539715705e-19 5.086878110704999880e-19 2.508220636951255822e-19 5.275518301714094148e-19 -1.821735338109882990e-19 3.163695622476240104e-19 1.976032415464758904e-19 3.560812448997501275e-18 3.314839162529903627e-19 -1.801398450134419749e-19 -2.290996548937751228e-20 8.877044165087602696e-21 -7.673659220197649144e-20 -5.727602727324559024e-20 -4.662688723966446411e-20 6.008447022737446453e-20
-2.107988065518018142e-18 -7.101778479727663263e-19 3.010313930472207978e-19 3.404546395757245343e-19 -7.224481841529441403e-20 2.513311656083722031e-19 -1.026748648957798371e-19 8.140276486305575121e-20 -6.874264461918904973e-20 3.314839162529903627e-19 3.001831349049692886e-18 1.205776544164340784e-19 -1.490598320530287867e-19 6.354532436050178304e-20 2.257275310077727320e-21 -3.843726574486355443e-20 -2.701532367563401765e-20 1.662562187412253192e-21
8.610127501857212943e-19 3.498173587979253615e-19 -1.890196599467728398e-21 2.151609546968795398e-19 5.907894400893585204e-19 1.879425544124729587e-19 2.243255045382853999e-19 -5.479207115153243161e-19 5.021058769643965009e-20 -1.801398450134419749e-19 1.205776544164340784e-19 2.092234722137475111e-18 1.503499941229189528e-19 -4.091841580205996033e-20 -1.677342717069936431e-20 -5.650103951498503103e-20 3.419987551694666712e-20 -5.513536530579100285e-20
-1.043632501599090678e-18 -1.252075575369952661e-18 2.846926649207034798e-19 3.673595939253081588e-19 -2.947575307978349278e-19 -8.339104552449435035e-20 -6.299819212750647419e-20 -1.367933136244422153e-19 -1.117555067117950197e-19 -2.290996548937751829e-20 -1.490598320530287867e-19 1.503499941229189528e-19 1.685993563652316133e-18 9.363368472679535659e-20 -6.049395184848648706e-21 6.039013214197644906e-20 4.534634246311619101e-20 6.887755059389368883e-22
-1.559436491424439523e-18 -9.195807528221066144e-19 -9.120234266960385046e-20 -3.150879218592304962e-19 2.324466422985493357e-19 -1.535515482417885673e-20 3.107315016674264674e-19 -4.743984417233707849e-20 -2.016950800006756901e-19 8.877044165087599686e-21 6.354532436050178304e-20 -4.091841580205995431e-20 9.363368472679535659e-20 1.115687755558247083e-18 1.472713897993816212e-19 -2.122735593168833417e-21 3.472730246434414968e-20 2.366284550062036646e-20
1.629259352660270139e-19 -3.418592058920258680e-19 4.812809376270706010e-19 4.100628104500143508e-19 2.113158076666108769e-19 -2.102266734764110555e-20 1.344433380134169398e-19 1.700452186239193441e-19 -7.433045234714451836e-20 -7.673659220197649144e-20 2.257275310077731834e-21 -1.677342717069936130e-20 -6.049395184848649458e-21 1.472713897993816212e-19 8.891444873544210138e-19 5.515598403633857309e-20 1.873841983703305981e-20 1.485802406664291258e-20
6.855009389054807502e-19 -2.644282669431105083e-19 6.747537420920786953e-19 1.507879887812249712e-19 -2.489136760967365397e-19 -1.956521505028094879e-19 -1.304208955281502034e-19 -2.473052596225265751e-20 1.530972194906356079e-19 -5.727602727324560228e-20 -3.843726574486355443e-20 -5.650103951498503103e-20 6.039013214197644906e-20 -2.122735593168832288e-21 5.515598403633857309e-20 8.440599793216919153e-19 3.412723087855314903e-20 -5.205328475135004252e-21
-8.426751773863532310e-19 -6.827938802748580190e-19 6.274313892868779726e-19 -4.783451654565852015e-20 -1.303645193356253406e-19 -2.320869952050134616e-19 -7.149682458025672227e-20 -1.530656986189333814e-19 -9.075044969900402644e-20 -4.662688723966446411e-20 -2.701532367563401765e-20 3.419987551694666712e-20 4.534634246311619101e-20 3.472730246434414968e-20 1.873841983703305981e-20 3.412723087855314903e-20 8.356889041334070205e-19 7.507207119482293157e-21
-2.066511502431265180e-19 -6.485371092311381546e-19 2.954088412645441699e-19 -1.343023863240165877e-19 -1.151687830349137855e-19 -2.366279027062508138e-20 1.153814566966743002e-20 -5.526173035655514514e-20 2.126770128619958511e-20 6.008447022737446453e-20 1.662562187412252816e-21 -5.513536530579100285e-20 6.887755059389350076e-22 2.366284550062036646e-20 1.485802406664290957e-20 -5.205328475135004252e-21 7.507207119482293157e-21 5.642103400072592155e-19
