# dr6plus_optimal: Eq. 35 recentering Delta_b (C_L^kk units), 18 bins
5.493873339181930536e-10
6.288401187304154737e-10
5.469267173884015485e-10
3.814322259420482178e-10
2.283087797679613412e-10
1.673208601166931632e-10
2.123446105284621953e-10
2.245153493196893714e-10
1.632137984657481341e-10
1.007954384772771067e-10
8.462838632161279327e-11
6.808335910150264092e-11
5.059647780837985098e-11
4.910617629902963168e-11
5.230095681870239805e-11
5.061031869638200897e-11
5.525705532534783323e-11
4.550821987916462221e-11
