# dr6plus_variant0: base covariance (covmat_clkk_dr6plus_variant0.txt) + Eq. 34 CMB addition; raw
1.155292862760628364e-15 6.929011773009746714e-17 3.349902374171981840e-18 -1.344590977919474649e-17 -1.583220758294510633e-17 -1.344288648575650312e-18 2.395448012500494867e-18 2.753761083190541355e-18 -3.311291717660602545e-18 1.395775187325590671e-18 -7.983399616211960683e-18 5.902240564678286433e-20 4.078169246083101633e-19 -6.507755524921490832e-19 -1.351484050322674172e-18 -7.908528272757261441e-19 2.704721819108511774e-18 -3.100458560608399463e-18
6.929011773009746714e-17 4.685027800293203947e-16 1.782030701738383993e-17 6.720178429199154026e-18 3.346530080285211469e-18 5.499249168118434574e-18 6.995398971964715496e-19 -2.224371502142019798e-19 1.737375464129909654e-18 3.204657606646972374e-18 9.467459100857786760e-19 -9.686351976139991983e-19 -2.542646751478026965e-18 2.106305625118222402e-19 -1.293492503196237027e-18 2.170006647519276283e-20 7.328751268974293368e-19 -1.349643361961631979e-18
3.349902374171981840e-18 1.782030701738383993e-17 1.873940832416860405e-16 8.858501479092584783e-18 -4.719142423940405652e-20 5.589699562721048535e-20 -4.376345505118511371e-19 1.801151254221947367e-18 1.778465694652100708e-19 7.380030296917139574e-19 -2.212648979731869983e-19 -2.624408318290334725e-19 8.069430161557974966e-19 1.571239379813843604e-18 3.455337382410632453e-20 1.225578820996085965e-18 -2.663564858755606501e-19 4.811268726197728034e-19
-1.344590977919474649e-17 6.720178429199154026e-18 8.858501479092586324e-18 7.525531443623036752e-17 4.213067245756498932e-18 1.586182928719498408e-18 2.218605735300081403e-18 -9.440186876908796581e-19 -9.651375635382756010e-19 -1.476273439028167403e-19 -2.202030400043809148e-19 3.673273783577693834e-19 2.929090287446898243e-19 -8.048369088815499279e-19 5.346398523122083278e-19 1.424830037869221350e-19 -7.944484708979618993e-20 3.350588185112884558e-19
-1.583220758294510633e-17 3.346530080285212239e-18 -4.719142423940367134e-20 4.213067245756499702e-18 3.766493696900655426e-17 2.601758026081018406e-18 9.890794575652070661e-19 -5.524524606717547313e-19 3.709664153513040359e-19 1.666561858390710232e-18 -4.086021823022662033e-19 1.033185283246846855e-18 -3.449190539967354386e-19 -9.357710735672410443e-20 2.008083047321361105e-20 1.174195069806668262e-19 -2.898570943249601403e-19 3.071990966452192853e-19
-1.344288648575650697e-18 5.499249168118433803e-18 5.589699562721010016e-20 1.586182928719498408e-18 2.601758026081018406e-18 2.273259316023312570e-17 2.058143003525134398e-18 9.408748534860423678e-19 -5.989659562863896751e-20 9.152412226256950094e-19 4.802135758123387929e-19 1.397897348887570264e-19 -2.524887007823394113e-19 -8.675879641316616987e-20 -2.405779833683766329e-19 -6.941458346099954931e-20 -2.179430574617127913e-19 -2.243898729088309181e-19
2.395448012500494867e-18 6.995398971964713570e-19 -4.376345505118511371e-19 2.218605735300081788e-18 9.890794575652070661e-19 2.058143003525134398e-18 1.729355090816234436e-17 9.301339802291110932e-19 7.896057098783823139e-19 -9.924993305156355405e-19 -3.242829257145162793e-19 6.057311617337230912e-19 -3.402045523208680350e-19 2.122419721306998708e-19 1.636309838289281618e-19 -3.524409596526195166e-19 2.663475644594602094e-19 5.500384832011047012e-20
2.753761083190541355e-18 -2.224371502142018835e-19 1.801151254221947367e-18 -9.440186876908796581e-19 -5.524524606717546350e-19 9.408748534860423678e-19 9.301339802291110932e-19 1.642315927430046194e-17 1.570039512896918131e-18 1.050521684031326932e-19 4.780701685147980354e-19 -9.168320070722951550e-19 -2.829339236905447213e-19 -3.757230429255095397e-20 3.851646250304139134e-19 -1.456011335276586551e-19 -7.441405537854361152e-20 -2.648242160269535561e-19
-3.311291717660602545e-18 1.737375464129910039e-18 1.778465694652100708e-19 -9.651375635382754084e-19 3.709664153513041322e-19 -5.989659562863901566e-20 7.896057098783823139e-19 1.570039512896918131e-18 1.137986342720101051e-17 -1.113514326587847806e-20 -2.773867907936290862e-19 4.232173752643275591e-19 -2.332897537710866173e-19 -1.231201332421949518e-19 -1.278181775857391775e-19 -9.259455939493557581e-20 -6.314676449927409046e-20 1.746633581297261000e-19
1.395775187325590671e-18 3.204657606646972374e-18 7.380030296917138611e-19 -1.476273439028168365e-19 1.666561858390710039e-18 9.152412226256950094e-19 -9.924993305156355405e-19 1.050521684031326812e-19 -1.113514326587847806e-20 6.626537301134338334e-18 7.755126011727242396e-20 -2.982652185176189941e-19 4.404119685832070180e-20 -3.811023024347229112e-21 -1.886987511140133842e-19 1.681754159254574762e-19 -3.084578349117158259e-20 9.470516663824138872e-20
-7.983399616211960683e-18 9.467459100857786760e-19 -2.212648979731869983e-19 -2.202030400043809148e-19 -4.086021823022661552e-19 4.802135758123387929e-19 -3.242829257145162793e-19 4.780701685147980354e-19 -2.773867907936290862e-19 7.755126011727242396e-20 6.001526214227841048e-18 7.765047299727556461e-20 -4.185549781532591224e-19 -1.406838663351230729e-19 -2.658475976762890258e-19 -3.270296200670732791e-20 -2.804029281663880777e-20 2.818852755966826992e-20
5.902240564678281618e-20 -9.686351976139991983e-19 -2.624408318290335206e-19 3.673273783577693353e-19 1.033185283246846855e-18 1.397897348887570264e-19 6.057311617337230912e-19 -9.168320070722951550e-19 4.232173752643275591e-19 -2.982652185176189941e-19 7.765047299727555257e-20 4.199483521054081494e-18 3.000425916524821667e-20 -8.797898097308341249e-20 -5.006357898735740530e-20 5.280401711451232022e-20 -4.439549192660006962e-20 -1.661212665026033635e-21
4.078169246083101633e-19 -2.542646751478026965e-18 8.069430161557974966e-19 2.929090287446898243e-19 -3.449190539967354386e-19 -2.524887007823394113e-19 -3.402045523208679869e-19 -2.829339236905447213e-19 -2.332897537710866173e-19 4.404119685832070180e-20 -4.185549781532591224e-19 3.000425916524821667e-20 3.271449781243432186e-18 4.222613963140790512e-20 -1.133410324246960331e-19 1.598159905362696580e-20 6.330785430710965147e-20 -8.755784725266201145e-20
-6.507755524921490832e-19 2.106305625118222643e-19 1.571239379813843604e-18 -8.048369088815499279e-19 -9.357710735672410443e-20 -8.675879641316619395e-20 2.122419721306998467e-19 -3.757230429255096601e-20 -1.231201332421949518e-19 -3.811023024347223093e-21 -1.406838663351230729e-19 -8.797898097308340045e-20 4.222613963140790512e-20 2.223894593193871222e-18 1.384356970547189897e-19 -5.153240414490007639e-21 9.776761086002520612e-20 -2.477644872125610033e-20
-1.351484050322674172e-18 -1.293492503196237027e-18 3.455337382410631851e-20 5.346398523122083278e-19 2.008083047321359901e-20 -2.405779833683766811e-19 1.636309838289281618e-19 3.851646250304139134e-19 -1.278181775857391775e-19 -1.886987511140134083e-19 -2.658475976762890258e-19 -5.006357898735740530e-20 -1.133410324246960331e-19 1.384356970547189897e-19 1.815861164220722081e-18 -1.368023593686100003e-20 1.621192901117853419e-20 1.562948770893142482e-19
-7.908528272757261441e-19 2.170006647519275381e-20 1.225578820996085965e-18 1.424830037869221350e-19 1.174195069806668262e-19 -6.941458346099956135e-20 -3.524409596526195166e-19 -1.456011335276586551e-19 -9.259455939493557581e-20 1.681754159254574762e-19 -3.270296200670732791e-20 5.280401711451232022e-20 1.598159905362696279e-20 -5.153240414490006887e-21 -1.368023593686100003e-20 2.018025085498666307e-18 -2.375606579160614119e-20 -1.087591236047495054e-20
2.704721819108511774e-18 7.328751268974293368e-19 -2.663564858755606019e-19 -7.944484708979617789e-20 -2.898570943249601403e-19 -2.179430574617127913e-19 2.663475644594602094e-19 -7.441405537854361152e-20 -6.314676449927409046e-20 -3.084578349117158259e-20 -2.804029281663880777e-20 -4.439549192660006962e-20 6.330785430710965147e-20 9.776761086002520612e-20 1.621192901117853419e-20 -2.375606579160614420e-20 2.115322361014663149e-18 8.294640576039228659e-21
-3.100458560608399463e-18 -1.349643361961631979e-18 4.811268726197728034e-19 3.350588185112885040e-19 3.071990966452192853e-19 -2.243898729088309181e-19 5.500384832011048216e-20 -2.648242160269535561e-19 1.746633581297261000e-19 9.470516663824138872e-20 2.818852755966826992e-20 -1.661212665026032506e-21 -8.755784725266201145e-20 -2.477644872125610033e-20 1.562948770893142482e-19 -1.087591236047495054e-20 8.294640576039228659e-21 1.823917468386086362e-18
