# dr6plus_variant0: Eq. 35 recentering Delta_b (C_L^kk units), 18 bins
7.874845890866592509e-10
8.830701688430011403e-10
7.794602604569596287e-10
5.694568708174543449e-10
3.829074279972177917e-10
2.899085938805894861e-10
2.940275185200121005e-10
2.792519958078158361e-10
1.995175199643375193e-10
1.252706573633468732e-10
9.771419172247416509e-11
7.502434040152371961e-11
5.634191435890126904e-11
5.372245739526642642e-11
6.035080952475188937e-11
5.936307555345196907e-11
6.715719791104362883e-11
6.172375634032710485e-11
