# dr6plus_variant0: N1-deconvolved covariance, raw sample covariance of 599 realizations (no Hartlap); load_run(/project/rrg-rbond-ac/jiaqu/dr6plus_lensing_variants/variant0_actonly_lmin600)
1.150561170998417949e-15 6.385226860576118674e-17 -1.774562071522383895e-18 -1.763117415627373302e-17 -1.887187153083513657e-17 -3.336215930882482980e-18 1.260751294580881295e-18 2.179056404324752580e-18 -3.689179236675147170e-18 1.113081388951200702e-18 -8.162767188044256190e-18 -5.539264137999181738e-20 3.292556553581699563e-19 -6.958343573083189961e-19 -1.375974891463388400e-18 -8.033060574104529033e-19 2.696082835620856255e-18 -3.102625581699214571e-18
6.385226860576118674e-17 4.622496486840473150e-16 1.192097824477658390e-17 1.893351078877365978e-18 -1.668365680870049638e-19 3.192159165153578568e-18 -6.181403708162531164e-19 -8.935847564895031246e-19 1.295206490083447918e-18 2.873958224324039937e-18 7.364212890223353151e-19 -1.103145648902449026e-18 -2.635212841950048104e-18 1.573309481842893577e-19 -1.322721462980501262e-18 6.571215146334429202e-21 7.222972821933148333e-19 -1.352619133765175588e-18
-1.774562071522383895e-18 1.192097824477658390e-17 1.818123626680466345e-16 4.271220737242444689e-18 -3.402016236806161772e-18 -2.153981992475205839e-18 -1.702417789183039413e-18 1.153076930784811957e-18 -2.499233891881226327e-19 4.181021025688970139e-19 -4.252645845064774320e-19 -3.933420595664726531e-19 7.166333973559940011e-19 1.519004971286420653e-18 5.628547563051072872e-21 1.210333839027203021e-18 -2.770449515768953662e-19 4.777995556000253822e-19
-1.763117415627373302e-17 1.893351078877365978e-18 4.271220737242444689e-18 7.145622448891623155e-17 1.410044869118684170e-18 -2.718373937281704534e-19 1.150145577847480108e-18 -1.497943032908762606e-18 -1.332032389899279961e-18 -4.220454066022467404e-19 -3.961576723510883825e-19 2.536872194972235765e-19 2.141036027088648940e-19 -8.508287811283544992e-19 5.086902066899769549e-19 1.282859044921493978e-19 -8.945403441661348736e-20 3.313066350112080414e-19
-1.887187153083513657e-17 -1.668365680870049638e-19 -3.402016236806161772e-18 1.410044869118684170e-18 3.557158955891706666e-17 1.197251566382947318e-18 1.692403207602967720e-19 -9.891737517257102768e-19 7.957053926519292480e-20 1.448725488029461890e-18 -5.501015444123001443e-19 9.405414912700073176e-19 -4.098832285126647366e-19 -1.322257206814829483e-19 -2.518894145633469752e-21 1.041348444127419357e-19 -2.992834270656297392e-19 3.026862759498887875e-19
-3.336215930882482980e-18 3.192159165153578568e-18 -2.153981992475205839e-18 -2.718373937281704534e-19 1.197251566382947318e-18 2.176988552170753865e-17 1.473372515428109344e-18 6.101637672927958503e-19 -2.841851960177427235e-19 7.481314126473010397e-19 3.687533769025222895e-19 6.493220259231018944e-20 -3.060737722473877071e-19 -1.197754505354930353e-19 -2.610763834169005706e-19 -8.271821757675208010e-20 -2.275334216830426339e-19 -2.301381321088174517e-19
1.260751294580881295e-18 -6.181403708162531164e-19 -1.702417789183039413e-18 1.150145577847480108e-18 1.692403207602967720e-19 1.473372515428109344e-18 1.690691645322149067e-17 6.853347615882834091e-19 6.180873102749555522e-19 -1.119361830871782633e-18 -4.124285265018754883e-19 5.442741544741852363e-19 -3.855467730614396111e-19 1.829764629011374666e-19 1.440563523018134285e-19 -3.663837612902703649e-19 2.560474276611701410e-19 4.783865812967306778e-20
2.179056404324752580e-18 -8.935847564895031246e-19 1.153076930784811957e-18 -1.497943032908762606e-18 -9.891737517257102768e-19 6.101637672927958503e-19 6.853347615882834091e-19 1.624581579279865297e-17 1.440308317729760342e-18 9.716981425582527731e-21 4.094289684602217664e-19 -9.663172233664308049e-19 -3.204250136403616332e-19 -6.266134748084281338e-20 3.674729067167893787e-19 -1.588234095334510682e-19 -8.439697851005236460e-20 -2.721524187906927484e-19
-3.689179236675147170e-18 1.295206490083447918e-18 -2.499233891881226327e-19 -1.332032389899279961e-18 7.957053926519292480e-20 -2.841851960177427235e-19 6.180873102749555522e-19 1.440308317729760342e-18 1.128279355564067448e-17 -8.254418306610156559e-20 -3.291606230811688511e-19 3.855291403149942191e-19 -2.620671542751733293e-19 -1.426154082929983718e-19 -1.416781947079921441e-19 -1.030154417471843577e-19 -7.110984217868984933e-20 1.689052516784063572e-19
1.113081388951200702e-18 2.873958224324039937e-18 4.181021025688970139e-19 -4.220454066022467404e-19 1.448725488029461890e-18 7.481314126473010397e-19 -1.119361830871782633e-18 9.716981425582527731e-21 -8.254418306610156559e-20 6.573748915844972564e-18 3.927750394057566002e-20 -3.260996588138920394e-19 2.274918311229620249e-20 -1.828498682846496293e-20 -1.989466402657513877e-19 1.604857234522614281e-19 -3.674894071234747740e-20 9.049656998619444046e-20
-8.162767188044256190e-18 7.364212890223353151e-19 -4.252645845064774320e-19 -3.961576723510883825e-19 -5.501015444123001443e-19 3.687533769025222895e-19 -4.124285265018754883e-19 4.094289684602217664e-19 -3.291606230811688511e-19 3.927750394057566002e-20 5.973374612864336005e-18 5.702991137595284045e-20 -4.344367415890889010e-19 -1.515845323040032891e-19 -2.736657619487687119e-19 -3.858403401331403591e-20 -3.257185584143105062e-20 2.489521907707160154e-20
-5.539264137999181738e-20 -1.103145648902449026e-18 -3.933420595664726531e-19 2.536872194972235765e-19 9.405414912700073176e-19 6.493220259231018944e-20 5.442741544741852363e-19 -9.663172233664308049e-19 3.855291403149942191e-19 -3.260996588138920394e-19 5.702991137595284045e-20 4.184171065308312099e-18 1.814731204360602917e-20 -9.619390380392197956e-20 -5.603392340141836698e-20 4.824619577240131414e-20 -4.789422819670954949e-20 -4.296996776672943173e-21
3.292556553581699563e-19 -2.635212841950048104e-18 7.166333973559940011e-19 2.141036027088648940e-19 -4.098832285126647366e-19 -3.060737722473877071e-19 -3.855467730614396111e-19 -3.204250136403616332e-19 -2.620671542751733293e-19 2.274918311229620249e-20 -4.344367415890889010e-19 1.814731204360602917e-20 3.262151455392988872e-18 3.570230036866183347e-20 -1.181925691780524683e-19 1.222341593041109612e-20 6.035137806917525643e-20 -8.985524494465933662e-20
-6.958343573083189961e-19 1.573309481842893577e-19 1.519004971286420653e-18 -8.508287811283544992e-19 -1.322257206814829483e-19 -1.197754505354930353e-19 1.829764629011374666e-19 -6.266134748084281338e-20 -1.426154082929983718e-19 -1.828498682846496293e-20 -1.515845323040032891e-19 -9.619390380392197956e-20 3.570230036866183347e-20 2.219105191715149279e-18 1.347754495621717525e-19 -8.079245509063403347e-21 9.531216144079191441e-20 -2.670598149710434230e-20
-1.375974891463388400e-18 -1.322721462980501262e-18 5.628547563051072872e-21 5.086902066899769549e-19 -2.518894145633469752e-21 -2.610763834169005706e-19 1.440563523018134285e-19 3.674729067167893787e-19 -1.416781947079921441e-19 -1.989466402657513877e-19 -2.736657619487687119e-19 -5.603392340141836698e-20 -1.181925691780524683e-19 1.347754495621717525e-19 1.812848432470467691e-18 -1.620886205475605477e-20 1.399081475036154608e-20 1.544356889542503748e-19
-8.033060574104529033e-19 6.571215146334429202e-21 1.210333839027203021e-18 1.282859044921493978e-19 1.041348444127419357e-19 -8.271821757675208010e-20 -3.663837612902703649e-19 -1.588234095334510682e-19 -1.030154417471843577e-19 1.604857234522614281e-19 -3.858403401331403591e-20 4.824619577240131414e-20 1.222341593041109612e-20 -8.079245509063403347e-21 -1.620886205475605477e-20 2.015699944154186875e-18 -2.584937914680983228e-20 -1.270784100725278802e-20
2.696082835620856255e-18 7.222972821933148333e-19 -2.770449515768953662e-19 -8.945403441661348736e-20 -2.992834270656297392e-19 -2.275334216830426339e-19 2.560474276611701410e-19 -8.439697851005236460e-20 -7.110984217868984933e-20 -3.674894071234747740e-20 -3.257185584143105062e-20 -4.789422819670954949e-20 6.035137806917525643e-20 9.531216144079191441e-20 1.399081475036154608e-20 -2.584937914680983228e-20 2.113238324698636435e-18 6.421479386905783535e-21
-3.102625581699214571e-18 -1.352619133765175588e-18 4.777995556000253822e-19 3.313066350112080414e-19 3.026862759498887875e-19 -2.301381321088174517e-19 4.783865812967306778e-20 -2.721524187906927484e-19 1.689052516784063572e-19 9.049656998619444046e-20 2.489521907707160154e-20 -4.296996776672943173e-21 -8.985524494465933662e-20 -2.670598149710434230e-20 1.544356889542503748e-19 -1.270784100725278802e-20 6.421479386905783535e-21 1.821841582558493382e-18
