2.769400800000000107e+00 6.484008700000000180e-01 4.759173700000000062e-01 4.687896599999999969e-01 1.038787120000000064e+00 -3.813792400000000082e-01 -2.730076100000000117e-01 -2.578277700000000117e-01 -1.553769600000000084e-01
2.205055320000000041e+00 8.374752399999999541e-01 4.442382599999999959e-01 5.872979799999999972e-01 4.038366500000000192e-01 -3.578341800000000017e-01 -2.648630100000000098e-01 -2.538837899999999981e-01 -1.651231700000000135e-01
2.044369109999999878e+00 8.926948900000000187e-01 4.298633399999999827e-01 6.192436300000000449e-01 2.236105800000000032e-01 -3.375139200000000228e-01 -2.522750300000000112e-01 -2.428325600000000029e-01 -1.612930099999999867e-01
2.040407459999999951e+00 8.949524500000000105e-01 4.249869900000000089e-01 6.197533699999999701e-01 2.189165299999999981e-01 -3.278448700000000104e-01 -2.450903600000000071e-01 -2.359127000000000030e-01 -1.567804200000000037e-01
2.161228139999999964e+00 8.564543999999999491e-01 4.261024700000000109e-01 5.935404600000000475e-01 3.550000400000000167e-01 -3.194123600000000063e-01 -2.367142799999999991e-01 -2.270407399999999909e-01 -1.481444299999999936e-01
2.089680009999999921e+00 8.864159499999999525e-01 4.052932699999999833e-01 6.065590400000000493e-01 2.740633599999999781e-01 -2.807415500000000064e-01 -2.089388899999999882e-01 -2.008170699999999864e-01 -1.321276799999999974e-01
2.104722660000000189e+00 8.892704099999999556e-01 3.819398800000000094e-01 6.008854000000000140e-01 2.902985100000000096e-01 -2.299765400000000071e-01 -1.705482600000000071e-01 -1.637867699999999982e-01 -1.069779599999999969e-01
2.125613449999999904e+00 8.888257699999999595e-01 3.644585599999999870e-01 5.931037399999999904e-01 3.140642599999999840e-01 -1.883714800000000078e-01 -1.389231599999999900e-01 -1.332279100000000049e-01 -8.602785000000000293e-02
1.980425289999999894e+00 9.390367200000000469e-01 3.507045799999999880e-01 6.225567300000000026e-01 1.506757400000000024e-01 -1.698317799999999878e-01 -1.274220100000000022e-01 -1.231595500000000065e-01 -8.247984999999999345e-02
2.011583040000000100e+00 9.279460200000000381e-01 3.518894699999999820e-01 6.161812100000000347e-01 1.857183199999999923e-01 -1.697397400000000001e-01 -1.268571900000000086e-01 -1.224715499999999985e-01 -8.133793999999999746e-02
2.087693199999999916e+00 9.024994100000000019e-01 3.495248699999999875e-01 5.988799900000000287e-01 2.720945599999999853e-01 -1.555022799999999927e-01 -1.149397999999999948e-01 -1.105266899999999969e-01 -7.168019000000000474e-02
2.068787480000000123e+00 9.101167999999999481e-01 3.402490100000000184e-01 6.020943399999999501e-01 2.506733300000000275e-01 -1.363945300000000138e-01 -1.009272300000000067e-01 -9.720727999999999314e-02 -6.320098000000000382e-02
2.111658980000000074e+00 8.953601700000000108e-01 3.370456900000000089e-01 5.930470199999999803e-01 2.986635799999999841e-01 -1.253415999999999975e-01 -9.196522999999999504e-02 -8.825495999999999341e-02 -5.633375999999999661e-02
2.041963710000000098e+00 9.200948300000000302e-01 3.237995200000000073e-01 6.077800300000000266e-01 2.194737400000000005e-01 -1.028790299999999963e-01 -7.635604000000000002e-02 -7.364730999999999361e-02 -4.816543000000000213e-02
2.049689820000000218e+00 9.160260099999999461e-01 3.190527499999999961e-01 6.059319300000000075e-01 2.282352800000000126e-01 -8.878903999999999963e-02 -6.570731000000000488e-02 -6.324929999999999441e-02 -4.108107999999999899e-02
2.133929220000000182e+00 8.851611000000000340e-01 3.214859099999999859e-01 5.875713200000000080e-01 3.236574999999999869e-01 -8.124480000000000590e-02 -5.865482999999999808e-02 -5.575226999999999961e-02 -3.428464999999999985e-02
2.056839870000000126e+00 9.097036400000000356e-01 3.179929799999999807e-01 6.045842399999999950e-01 2.362670799999999904e-01 -7.849543000000000492e-02 -5.792242999999999697e-02 -5.538694999999999730e-02 -3.578336000000000017e-02
2.189441759999999793e+00 8.645389599999999675e-01 3.243343899999999724e-01 5.780351799999999818e-01 3.840933100000000211e-01 -7.977583000000000590e-02 -5.664493999999999779e-02 -5.316821000000000047e-02 -3.141837000000000102e-02
